0.685261
0.685261
0.685261
0.685261
0.685261
0.685261
0.685261
0.72413
0.733788
0.805
0.861008
0.861008
0.861008
0.861008
0.861008
0.861008
0.861008
0.861008
0.862738
0.940456
0.940456
0.940456
0.940456
0.948423
0.977885
0.977885
0.979606
0.984691
0.987166
0.987535
0.987535
0.987535
0.987535
0.987535
0.987535
0.987535
0.987535
0.992589
0.992589
0.992589
0.992589
0.992589
0.992589
0.994474
0.995629
0.995629
0.995629
0.995629
0.995629
0.995629
0.995629
0.995629
0.995629
0.995629
0.995629
0.995629
0.99567
0.995928
0.995928
0.995928
0.995928
0.995928
0.995928
0.995928
0.995928
0.995928
0.995928
0.995928
0.995928
0.995928
0.995928
0.995928
0.995928
0.995928
0.995928
0.995928
0.995928
0.995928
0.995928
0.995928
0.995928
0.995928
0.995928
0.99623
0.99623
0.99623
0.99623
0.99623
0.99623
0.99623
0.99623
0.99623
0.99623
0.99623
0.99623
0.99623
0.99623
0.99645
0.99645
0.99645
